(kicad_pcb (version 20171130) (host pcbnew "(5.1.8-0-10_14)")

  (general
    (thickness 1.6)
    (drawings 52)
    (tracks 1231)
    (zones 0)
    (modules 86)
    (nets 94)
  )

  (page A4)
  (title_block
    (title ethersweep2)
    (rev 2.0.1)
    (company github.com/neumi)
  )

  (layers
    (0 F.Cu signal)
    (31 B.Cu signal)
    (32 B.Adhes user hide)
    (33 F.Adhes user hide)
    (34 B.Paste user)
    (35 F.Paste user)
    (36 B.SilkS user hide)
    (37 F.SilkS user hide)
    (38 B.Mask user hide)
    (39 F.Mask user hide)
    (40 Dwgs.User user hide)
    (41 Cmts.User user)
    (42 Eco1.User user)
    (43 Eco2.User user)
    (44 Edge.Cuts user)
    (45 Margin user)
    (46 B.CrtYd user hide)
    (47 F.CrtYd user)
    (48 B.Fab user hide)
    (49 F.Fab user hide)
  )

  (setup
    (last_trace_width 0.25)
    (user_trace_width 0.2)
    (user_trace_width 0.4)
    (user_trace_width 0.5)
    (user_trace_width 1)
    (user_trace_width 2)
    (user_trace_width 3)
    (trace_clearance 0.2)
    (zone_clearance 0.2)
    (zone_45_only no)
    (trace_min 0.2)
    (via_size 0.8)
    (via_drill 0.4)
    (via_min_size 0.4)
    (via_min_drill 0.3)
    (uvia_size 0.3)
    (uvia_drill 0.1)
    (uvias_allowed no)
    (uvia_min_size 0.2)
    (uvia_min_drill 0.1)
    (edge_width 0.15)
    (segment_width 0.2)
    (pcb_text_width 0.3)
    (pcb_text_size 1.5 1.5)
    (mod_edge_width 0.15)
    (mod_text_size 1 1)
    (mod_text_width 0.15)
    (pad_size 1.524 1.524)
    (pad_drill 0.762)
    (pad_to_mask_clearance 0.051)
    (solder_mask_min_width 0.25)
    (aux_axis_origin 0 0)
    (visible_elements FFFFF77F)
    (pcbplotparams
      (layerselection 0x3fffc_ffffffff)
      (usegerberextensions false)
      (usegerberattributes true)
      (usegerberadvancedattributes false)
      (creategerberjobfile true)
      (excludeedgelayer false)
      (linewidth 0.100000)
      (plotframeref false)
      (viasonmask false)
      (mode 1)
      (useauxorigin false)
      (hpglpennumber 1)
      (hpglpenspeed 20)
      (hpglpendiameter 15.000000)
      (psnegative false)
      (psa4output false)
      (plotreference true)
      (plotvalue true)
      (plotinvisibletext false)
      (padsonsilk false)
      (subtractmaskfromsilk false)
      (outputformat 1)
      (mirror false)
      (drillshape 0)
      (scaleselection 1)
      (outputdirectory "production/"))
  )

  (net 0 "")
  (net 1 GND)
  (net 2 "Net-(D1-Pad2)")
  (net 3 SCL)
  (net 4 SDA)
  (net 5 STEPPER_ENABLE)
  (net 6 FLT_ETHERNET)
  (net 7 M0)
  (net 8 M1)
  (net 9 M2)
  (net 10 STEP)
  (net 11 +12V)
  (net 12 DIR)
  (net 13 "Net-(C4-Pad2)")
  (net 14 +3V3)
  (net 15 "Net-(C14-Pad1)")
  (net 16 MISO)
  (net 17 SCK)
  (net 18 rst)
  (net 19 MOSI)
  (net 20 ESTOP)
  (net 21 ENDSTOP)
  (net 22 "Net-(RX1-Pad1)")
  (net 23 "Net-(TX1-Pad1)")
  (net 24 "Net-(U1-Pad4)")
  (net 25 "Net-(U1-Pad5)")
  (net 26 CS_ETHERNET)
  (net 27 RST_ETHERNET)
  (net 28 "Net-(U5-Pad3)")
  (net 29 "Net-(U5-Pad5)")
  (net 30 "Net-(U2-Pad22)")
  (net 31 "Net-(U2-Pad32)")
  (net 32 "Net-(C5-Pad1)")
  (net 33 "Net-(C8-Pad1)")
  (net 34 "Net-(C10-Pad2)")
  (net 35 "Net-(C13-Pad1)")
  (net 36 "Net-(C18-Pad1)")
  (net 37 "Net-(C18-Pad2)")
  (net 38 "Net-(C19-Pad1)")
  (net 39 "Net-(C21-Pad1)")
  (net 40 ENC_TD+)
  (net 41 ENC_TD-)
  (net 42 ENC_RD+)
  (net 43 ENC_RD-)
  (net 44 ETHERNET_LED_B)
  (net 45 ETHERNET_LED_A)
  (net 46 "Net-(M1-Pad1)")
  (net 47 "Net-(M1-Pad2)")
  (net 48 "Net-(M1-Pad3)")
  (net 49 "Net-(M1-Pad4)")
  (net 50 "Net-(R4-Pad2)")
  (net 51 "Net-(R5-Pad2)")
  (net 52 "Net-(R6-Pad2)")
  (net 53 "Net-(R11-Pad1)")
  (net 54 "Net-(R12-Pad1)")
  (net 55 "Net-(RV1-Pad2)")
  (net 56 "Net-(U1-Pad3)")
  (net 57 "Net-(U3-Pad17)")
  (net 58 "Net-(U3-Pad19)")
  (net 59 "Net-(U3-Pad27)")
  (net 60 "Net-(U2-Pad12)")
  (net 61 voltage_detect)
  (net 62 "Net-(R19-Pad2)")
  (net 63 "Net-(R20-Pad2)")
  (net 64 "Net-(U6-Pad1)")
  (net 65 "Net-(U6-Pad2)")
  (net 66 "Net-(U6-Pad14)")
  (net 67 "Net-(U6-Pad5)")
  (net 68 "Net-(U6-Pad6)")
  (net 69 "Net-(U6-Pad7)")
  (net 70 "Net-(U6-Pad10)")
  (net 71 "Net-(U6-Pad12)")
  (net 72 "Net-(U6-Pad13)")
  (net 73 "Net-(U6-Pad18)")
  (net 74 "Net-(U6-Pad20)")
  (net 75 "Net-(U6-Pad22)")
  (net 76 "Net-(U6-Pad23)")
  (net 77 "Net-(U6-Pad24)")
  (net 78 "Net-(U6-Pad26)")
  (net 79 "Net-(U6-Pad29)")
  (net 80 "Net-(U6-Pad30)")
  (net 81 "Net-(U6-Pad31)")
  (net 82 "Net-(U6-Pad36)")
  (net 83 "Net-(U6-Pad37)")
  (net 84 "Net-(U6-Pad38)")
  (net 85 "Net-(U6-Pad39)")
  (net 86 "Net-(U6-Pad40)")
  (net 87 "Net-(U6-Pad41)")
  (net 88 "Net-(U6-Pad42)")
  (net 89 "Net-(U6-Pad43)")
  (net 90 "Net-(U6-Pad44)")
  (net 91 "Net-(U6-Pad45)")
  (net 92 "Net-(U6-Pad46)")
  (net 93 "Net-(U6-Pad47)")

  (net_class Default "This is the default net class."
    (clearance 0.2)
    (trace_width 0.25)
    (via_dia 0.8)
    (via_drill 0.4)
    (uvia_dia 0.3)
    (uvia_drill 0.1)
    (add_net +12V)
    (add_net +3V3)
    (add_net CS_ETHERNET)
    (add_net DIR)
    (add_net ENC_RD+)
    (add_net ENC_RD-)
    (add_net ENC_TD+)
    (add_net ENC_TD-)
    (add_net ENDSTOP)
    (add_net ESTOP)
    (add_net ETHERNET_LED_A)
    (add_net ETHERNET_LED_B)
    (add_net FLT_ETHERNET)
    (add_net GND)
    (add_net M0)
    (add_net M1)
    (add_net M2)
    (add_net MISO)
    (add_net MOSI)
    (add_net "Net-(C10-Pad2)")
    (add_net "Net-(C13-Pad1)")
    (add_net "Net-(C14-Pad1)")
    (add_net "Net-(C18-Pad1)")
    (add_net "Net-(C18-Pad2)")
    (add_net "Net-(C19-Pad1)")
    (add_net "Net-(C21-Pad1)")
    (add_net "Net-(C4-Pad2)")
    (add_net "Net-(C5-Pad1)")
    (add_net "Net-(C8-Pad1)")
    (add_net "Net-(D1-Pad2)")
    (add_net "Net-(M1-Pad1)")
    (add_net "Net-(M1-Pad2)")
    (add_net "Net-(M1-Pad3)")
    (add_net "Net-(M1-Pad4)")
    (add_net "Net-(R11-Pad1)")
    (add_net "Net-(R12-Pad1)")
    (add_net "Net-(R19-Pad2)")
    (add_net "Net-(R20-Pad2)")
    (add_net "Net-(R4-Pad2)")
    (add_net "Net-(R5-Pad2)")
    (add_net "Net-(R6-Pad2)")
    (add_net "Net-(RV1-Pad2)")
    (add_net "Net-(RX1-Pad1)")
    (add_net "Net-(TX1-Pad1)")
    (add_net "Net-(U1-Pad3)")
    (add_net "Net-(U1-Pad4)")
    (add_net "Net-(U1-Pad5)")
    (add_net "Net-(U2-Pad12)")
    (add_net "Net-(U2-Pad22)")
    (add_net "Net-(U2-Pad32)")
    (add_net "Net-(U3-Pad17)")
    (add_net "Net-(U3-Pad19)")
    (add_net "Net-(U3-Pad27)")
    (add_net "Net-(U5-Pad3)")
    (add_net "Net-(U5-Pad5)")
    (add_net "Net-(U6-Pad1)")
    (add_net "Net-(U6-Pad10)")
    (add_net "Net-(U6-Pad12)")
    (add_net "Net-(U6-Pad13)")
    (add_net "Net-(U6-Pad14)")
    (add_net "Net-(U6-Pad18)")
    (add_net "Net-(U6-Pad2)")
    (add_net "Net-(U6-Pad20)")
    (add_net "Net-(U6-Pad22)")
    (add_net "Net-(U6-Pad23)")
    (add_net "Net-(U6-Pad24)")
    (add_net "Net-(U6-Pad26)")
    (add_net "Net-(U6-Pad29)")
    (add_net "Net-(U6-Pad30)")
    (add_net "Net-(U6-Pad31)")
    (add_net "Net-(U6-Pad36)")
    (add_net "Net-(U6-Pad37)")
    (add_net "Net-(U6-Pad38)")
    (add_net "Net-(U6-Pad39)")
    (add_net "Net-(U6-Pad40)")
    (add_net "Net-(U6-Pad41)")
    (add_net "Net-(U6-Pad42)")
    (add_net "Net-(U6-Pad43)")
    (add_net "Net-(U6-Pad44)")
    (add_net "Net-(U6-Pad45)")
    (add_net "Net-(U6-Pad46)")
    (add_net "Net-(U6-Pad47)")
    (add_net "Net-(U6-Pad5)")
    (add_net "Net-(U6-Pad6)")
    (add_net "Net-(U6-Pad7)")
    (add_net RST_ETHERNET)
    (add_net SCK)
    (add_net SCL)
    (add_net SDA)
    (add_net STEP)
    (add_net STEPPER_ENABLE)
    (add_net rst)
    (add_net voltage_detect)
  )

  (net_class thick ""
    (clearance 0.2)
    (trace_width 0.5)
    (via_dia 0.8)
    (via_drill 0.4)
    (uvia_dia 0.3)
    (uvia_drill 0.1)
  )

  (module Connector_IDC:IDC-Header_2x03_P2.54mm_Vertical (layer F.Cu) (tedit 5EAC9A07) (tstamp 601E104B)
    (at 149 112.5)
    (descr "Through hole IDC box header, 2x03, 2.54mm pitch, DIN 41651 / IEC 60603-13, double rows, https://docs.google.com/spreadsheets/d/16SsEcesNF15N3Lb4niX7dcUr-NY5_MFPQhobNuNppn4/edit#gid=0")
    (tags "Through hole vertical IDC box header THT 2x03 2.54mm double row")
    (path /6189ACA5)
    (fp_text reference J8 (at 1.27 -6.1) (layer F.SilkS)
      (effects (font (size 1 1) (thickness 0.15)))
    )
    (fp_text value AVR-ISP-6 (at 1.27 11.18) (layer F.Fab)
      (effects (font (size 1 1) (thickness 0.15)))
    )
    (fp_line (start -3.18 -4.1) (end -2.18 -5.1) (layer F.Fab) (width 0.1))
    (fp_line (start -2.18 -5.1) (end 5.72 -5.1) (layer F.Fab) (width 0.1))
    (fp_line (start 5.72 -5.1) (end 5.72 10.18) (layer F.Fab) (width 0.1))
    (fp_line (start 5.72 10.18) (end -3.18 10.18) (layer F.Fab) (width 0.1))
    (fp_line (start -3.18 10.18) (end -3.18 -4.1) (layer F.Fab) (width 0.1))
    (fp_line (start -3.18 0.49) (end -1.98 0.49) (layer F.Fab) (width 0.1))
    (fp_line (start -1.98 0.49) (end -1.98 -3.91) (layer F.Fab) (width 0.1))
    (fp_line (start -1.98 -3.91) (end 4.52 -3.91) (layer F.Fab) (width 0.1))
    (fp_line (start 4.52 -3.91) (end 4.52 8.99) (layer F.Fab) (width 0.1))
    (fp_line (start 4.52 8.99) (end -1.98 8.99) (layer F.Fab) (width 0.1))
    (fp_line (start -1.98 8.99) (end -1.98 4.59) (layer F.Fab) (width 0.1))
    (fp_line (start -1.98 4.59) (end -1.98 4.59) (layer F.Fab) (width 0.1))
    (fp_line (start -1.98 4.59) (end -3.18 4.59) (layer F.Fab) (width 0.1))
    (fp_line (start -3.29 -5.21) (end 5.83 -5.21) (layer F.SilkS) (width 0.12))
    (fp_line (start 5.83 -5.21) (end 5.83 10.29) (layer F.SilkS) (width 0.12))
    (fp_line (start 5.83 10.29) (end -3.29 10.29) (layer F.SilkS) (width 0.12))
    (fp_line (start -3.29 10.29) (end -3.29 -5.21) (layer F.SilkS) (width 0.12))
    (fp_line (start -3.29 0.49) (end -1.98 0.49) (layer F.SilkS) (width 0.12))
    (fp_line (start -1.98 0.49) (end -1.98 -3.91) (layer F.SilkS) (width 0.12))
    (fp_line (start -1.98 -3.91) (end 4.52 -3.91) (layer F.SilkS) (width 0.12))
    (fp_line (start 4.52 -3.91) (end 4.52 8.99) (layer F.SilkS) (width 0.12))
    (fp_line (start 4.52 8.99) (end -1.98 8.99) (layer F.SilkS) (width 0.12))
    (fp_line (start -1.98 8.99) (end -1.98 4.59) (layer F.SilkS) (width 0.12))
    (fp_line (start -1.98 4.59) (end -1.98 4.59) (layer F.SilkS) (width 0.12))
    (fp_line (start -1.98 4.59) (end -3.29 4.59) (layer F.SilkS) (width 0.12))
    (fp_line (start -3.68 0) (end -4.68 -0.5) (layer F.SilkS) (width 0.12))
    (fp_line (start -4.68 -0.5) (end -4.68 0.5) (layer F.SilkS) (width 0.12))
    (fp_line (start -4.68 0.5) (end -3.68 0) (layer F.SilkS) (width 0.12))
    (fp_line (start -3.68 -5.6) (end -3.68 10.69) (layer F.CrtYd) (width 0.05))
    (fp_line (start -3.68 10.69) (end 6.22 10.69) (layer F.CrtYd) (width 0.05))
    (fp_line (start 6.22 10.69) (end 6.22 -5.6) (layer F.CrtYd) (width 0.05))
    (fp_line (start 6.22 -5.6) (end -3.68 -5.6) (layer F.CrtYd) (width 0.05))
    (fp_text user %R (at 1.27 2.54 90) (layer F.Fab)
      (effects (font (size 1 1) (thickness 0.15)))
    )
    (pad 1 thru_hole roundrect (at 0 0) (size 1.7 1.7) (drill 1) (layers *.Cu *.Mask) (roundrect_rratio 0.1470588235294118)
      (net 16 MISO))
    (pad 3 thru_hole circle (at 0 2.54) (size 1.7 1.7) (drill 1) (layers *.Cu *.Mask)
      (net 17 SCK))
    (pad 5 thru_hole circle (at 0 5.08) (size 1.7 1.7) (drill 1) (layers *.Cu *.Mask)
      (net 18 rst))
    (pad 2 thru_hole circle (at 2.54 0) (size 1.7 1.7) (drill 1) (layers *.Cu *.Mask)
      (net 14 +3V3))
    (pad 4 thru_hole circle (at 2.54 2.54) (size 1.7 1.7) (drill 1) (layers *.Cu *.Mask)
      (net 19 MOSI))
    (pad 6 thru_hole circle (at 2.54 5.08) (size 1.7 1.7) (drill 1) (layers *.Cu *.Mask)
      (net 1 GND))
    (model ${KISYS3DMOD}/Connector_IDC.3dshapes/IDC-Header_2x03_P2.54mm_Vertical.wrl
      (at (xyz 0 0 0))
      (scale (xyz 1 1 1))
      (rotate (xyz 0 0 0))
    )
  )

  (module Connector_IDC:IDC-Header_2x03_P2.54mm_Vertical (layer F.Cu) (tedit 5EAC9A07) (tstamp 601A271D)
    (at 175 87.5 180)
    (descr "Through hole IDC box header, 2x03, 2.54mm pitch, DIN 41651 / IEC 60603-13, double rows, https://docs.google.com/spreadsheets/d/16SsEcesNF15N3Lb4niX7dcUr-NY5_MFPQhobNuNppn4/edit#gid=0")
    (tags "Through hole vertical IDC box header THT 2x03 2.54mm double row")
    (path /607BEB79)
    (fp_text reference J1 (at -5.3 12.3) (layer F.SilkS)
      (effects (font (size 1 1) (thickness 0.15)))
    )
    (fp_text value AVR-ISP-6 (at 1.27 11.18) (layer F.Fab)
      (effects (font (size 1 1) (thickness 0.15)))
    )
    (fp_line (start 6.22 -5.6) (end -3.68 -5.6) (layer F.CrtYd) (width 0.05))
    (fp_line (start 6.22 10.69) (end 6.22 -5.6) (layer F.CrtYd) (width 0.05))
    (fp_line (start -3.68 10.69) (end 6.22 10.69) (layer F.CrtYd) (width 0.05))
    (fp_line (start -3.68 -5.6) (end -3.68 10.69) (layer F.CrtYd) (width 0.05))
    (fp_line (start -4.68 0.5) (end -3.68 0) (layer F.SilkS) (width 0.12))
    (fp_line (start -4.68 -0.5) (end -4.68 0.5) (layer F.SilkS) (width 0.12))
    (fp_line (start -3.68 0) (end -4.68 -0.5) (layer F.SilkS) (width 0.12))
    (fp_line (start -1.98 4.59) (end -3.29 4.59) (layer F.SilkS) (width 0.12))
    (fp_line (start -1.98 4.59) (end -1.98 4.59) (layer F.SilkS) (width 0.12))
    (fp_line (start -1.98 8.99) (end -1.98 4.59) (layer F.SilkS) (width 0.12))
    (fp_line (start 4.52 8.99) (end -1.98 8.99) (layer F.SilkS) (width 0.12))
    (fp_line (start 4.52 -3.91) (end 4.52 8.99) (layer F.SilkS) (width 0.12))
    (fp_line (start -1.98 -3.91) (end 4.52 -3.91) (layer F.SilkS) (width 0.12))
    (fp_line (start -1.98 0.49) (end -1.98 -3.91) (layer F.SilkS) (width 0.12))
    (fp_line (start -3.29 0.49) (end -1.98 0.49) (layer F.SilkS) (width 0.12))
    (fp_line (start -3.29 10.29) (end -3.29 -5.21) (layer F.SilkS) (width 0.12))
    (fp_line (start 5.83 10.29) (end -3.29 10.29) (layer F.SilkS) (width 0.12))
    (fp_line (start 5.83 -5.21) (end 5.83 10.29) (layer F.SilkS) (width 0.12))
    (fp_line (start -3.29 -5.21) (end 5.83 -5.21) (layer F.SilkS) (width 0.12))
    (fp_line (start -1.98 4.59) (end -3.18 4.59) (layer F.Fab) (width 0.1))
    (fp_line (start -1.98 4.59) (end -1.98 4.59) (layer F.Fab) (width 0.1))
    (fp_line (start -1.98 8.99) (end -1.98 4.59) (layer F.Fab) (width 0.1))
    (fp_line (start 4.52 8.99) (end -1.98 8.99) (layer F.Fab) (width 0.1))
    (fp_line (start 4.52 -3.91) (end 4.52 8.99) (layer F.Fab) (width 0.1))
    (fp_line (start -1.98 -3.91) (end 4.52 -3.91) (layer F.Fab) (width 0.1))
    (fp_line (start -1.98 0.49) (end -1.98 -3.91) (layer F.Fab) (width 0.1))
    (fp_line (start -3.18 0.49) (end -1.98 0.49) (layer F.Fab) (width 0.1))
    (fp_line (start -3.18 10.18) (end -3.18 -4.1) (layer F.Fab) (width 0.1))
    (fp_line (start 5.72 10.18) (end -3.18 10.18) (layer F.Fab) (width 0.1))
    (fp_line (start 5.72 -5.1) (end 5.72 10.18) (layer F.Fab) (width 0.1))
    (fp_line (start -2.18 -5.1) (end 5.72 -5.1) (layer F.Fab) (width 0.1))
    (fp_line (start -3.18 -4.1) (end -2.18 -5.1) (layer F.Fab) (width 0.1))
    (fp_text user %R (at 1.27 2.54 90) (layer F.Fab)
      (effects (font (size 1 1) (thickness 0.15)))
    )
    (pad 1 thru_hole roundrect (at 0 0 180) (size 1.7 1.7) (drill 1) (layers *.Cu *.Mask) (roundrect_rratio 0.1470588235294118)
      (net 16 MISO))
    (pad 3 thru_hole circle (at 0 2.54 180) (size 1.7 1.7) (drill 1) (layers *.Cu *.Mask)
      (net 17 SCK))
    (pad 5 thru_hole circle (at 0 5.08 180) (size 1.7 1.7) (drill 1) (layers *.Cu *.Mask)
      (net 18 rst))
    (pad 2 thru_hole circle (at 2.54 0 180) (size 1.7 1.7) (drill 1) (layers *.Cu *.Mask)
      (net 14 +3V3))
    (pad 4 thru_hole circle (at 2.54 2.54 180) (size 1.7 1.7) (drill 1) (layers *.Cu *.Mask)
      (net 19 MOSI))
    (pad 6 thru_hole circle (at 2.54 5.08 180) (size 1.7 1.7) (drill 1) (layers *.Cu *.Mask)
      (net 1 GND))
    (model ${KISYS3DMOD}/Connector_IDC.3dshapes/IDC-Header_2x03_P2.54mm_Vertical.wrl
      (at (xyz 0 0 0))
      (scale (xyz 1 1 1))
      (rotate (xyz 0 0 0))
    )
  )

  (module MountingHole:MountingHole_3.2mm_M3_Pad_Via (layer F.Cu) (tedit 56DDBCCA) (tstamp 601A40D1)
    (at 167 115.5)
    (descr "Mounting Hole 3.2mm, M3")
    (tags "mounting hole 3.2mm m3")
    (path /6043D897)
    (attr virtual)
    (fp_text reference H4 (at -3.8 6.7) (layer F.SilkS)
      (effects (font (size 1 1) (thickness 0.15)))
    )
    (fp_text value MountingHole_Pad (at 0 4.2) (layer F.Fab)
      (effects (font (size 1 1) (thickness 0.15)))
    )
    (fp_circle (center 0 0) (end 3.45 0) (layer F.CrtYd) (width 0.05))
    (fp_circle (center 0 0) (end 3.2 0) (layer Cmts.User) (width 0.15))
    (fp_text user %R (at 0.3 0) (layer F.Fab)
      (effects (font (size 1 1) (thickness 0.15)))
    )
    (pad 1 thru_hole circle (at 0 0) (size 6.4 6.4) (drill 3.2) (layers *.Cu *.Mask)
      (net 1 GND))
    (pad 1 thru_hole circle (at 2.4 0) (size 0.8 0.8) (drill 0.5) (layers *.Cu *.Mask)
      (net 1 GND))
    (pad 1 thru_hole circle (at 1.697056 1.697056) (size 0.8 0.8) (drill 0.5) (layers *.Cu *.Mask)
      (net 1 GND))
    (pad 1 thru_hole circle (at 0 2.4) (size 0.8 0.8) (drill 0.5) (layers *.Cu *.Mask)
      (net 1 GND))
    (pad 1 thru_hole circle (at -1.697056 1.697056) (size 0.8 0.8) (drill 0.5) (layers *.Cu *.Mask)
      (net 1 GND))
    (pad 1 thru_hole circle (at -2.4 0) (size 0.8 0.8) (drill 0.5) (layers *.Cu *.Mask)
      (net 1 GND))
    (pad 1 thru_hole circle (at -1.697056 -1.697056) (size 0.8 0.8) (drill 0.5) (layers *.Cu *.Mask)
      (net 1 GND))
    (pad 1 thru_hole circle (at 0 -2.4) (size 0.8 0.8) (drill 0.5) (layers *.Cu *.Mask)
      (net 1 GND))
    (pad 1 thru_hole circle (at 1.697056 -1.697056) (size 0.8 0.8) (drill 0.5) (layers *.Cu *.Mask)
      (net 1 GND))
  )

  (module MountingHole:MountingHole_3.2mm_M3_Pad_Via (layer F.Cu) (tedit 56DDBCCA) (tstamp 601A40BC)
    (at 198 115.475001)
    (descr "Mounting Hole 3.2mm, M3")
    (tags "mounting hole 3.2mm m3")
    (path /60450DB7)
    (attr virtual)
    (fp_text reference H3 (at 6.9 0.124999) (layer F.SilkS)
      (effects (font (size 1 1) (thickness 0.15)))
    )
    (fp_text value MountingHole_Pad (at 0 4.2) (layer F.Fab)
      (effects (font (size 1 1) (thickness 0.15)))
    )
    (fp_circle (center 0 0) (end 3.2 0) (layer Cmts.User) (width 0.15))
    (fp_circle (center 0 0) (end 3.45 0) (layer F.CrtYd) (width 0.05))
    (fp_text user %R (at 0.3 0) (layer F.Fab)
      (effects (font (size 1 1) (thickness 0.15)))
    )
    (pad 1 thru_hole circle (at 1.697056 -1.697056) (size 0.8 0.8) (drill 0.5) (layers *.Cu *.Mask)
      (net 1 GND))
    (pad 1 thru_hole circle (at 0 -2.4) (size 0.8 0.8) (drill 0.5) (layers *.Cu *.Mask)
      (net 1 GND))
    (pad 1 thru_hole circle (at -1.697056 -1.697056) (size 0.8 0.8) (drill 0.5) (layers *.Cu *.Mask)
      (net 1 GND))
    (pad 1 thru_hole circle (at -2.4 0) (size 0.8 0.8) (drill 0.5) (layers *.Cu *.Mask)
      (net 1 GND))
    (pad 1 thru_hole circle (at -1.697056 1.697056) (size 0.8 0.8) (drill 0.5) (layers *.Cu *.Mask)
      (net 1 GND))
    (pad 1 thru_hole circle (at 0 2.4) (size 0.8 0.8) (drill 0.5) (layers *.Cu *.Mask)
      (net 1 GND))
    (pad 1 thru_hole circle (at 1.697056 1.697056) (size 0.8 0.8) (drill 0.5) (layers *.Cu *.Mask)
      (net 1 GND))
    (pad 1 thru_hole circle (at 2.4 0) (size 0.8 0.8) (drill 0.5) (layers *.Cu *.Mask)
      (net 1 GND))
    (pad 1 thru_hole circle (at 0 0) (size 6.4 6.4) (drill 3.2) (layers *.Cu *.Mask)
      (net 1 GND))
  )

  (module MountingHole:MountingHole_3.2mm_M3_Pad_Via (layer F.Cu) (tedit 56DDBCCA) (tstamp 601A40AD)
    (at 198 84.5)
    (descr "Mounting Hole 3.2mm, M3")
    (tags "mounting hole 3.2mm m3")
    (path /60459E94)
    (attr virtual)
    (fp_text reference H2 (at 0 -4.2) (layer F.SilkS)
      (effects (font (size 1 1) (thickness 0.15)))
    )
    (fp_text value MountingHole_Pad (at 0 4.2) (layer F.Fab)
      (effects (font (size 1 1) (thickness 0.15)))
    )
    (fp_circle (center 0 0) (end 3.45 0) (layer F.CrtYd) (width 0.05))
    (fp_circle (center 0 0) (end 3.2 0) (layer Cmts.User) (width 0.15))
    (fp_text user %R (at 0.3 0) (layer F.Fab)
      (effects (font (size 1 1) (thickness 0.15)))
    )
    (pad 1 thru_hole circle (at 0 0) (size 6.4 6.4) (drill 3.2) (layers *.Cu *.Mask)
      (net 1 GND))
    (pad 1 thru_hole circle (at 2.4 0) (size 0.8 0.8) (drill 0.5) (layers *.Cu *.Mask)
      (net 1 GND))
    (pad 1 thru_hole circle (at 1.697056 1.697056) (size 0.8 0.8) (drill 0.5) (layers *.Cu *.Mask)
      (net 1 GND))
    (pad 1 thru_hole circle (at 0 2.4) (size 0.8 0.8) (drill 0.5) (layers *.Cu *.Mask)
      (net 1 GND))
    (pad 1 thru_hole circle (at -1.697056 1.697056) (size 0.8 0.8) (drill 0.5) (layers *.Cu *.Mask)
      (net 1 GND))
    (pad 1 thru_hole circle (at -2.4 0) (size 0.8 0.8) (drill 0.5) (layers *.Cu *.Mask)
      (net 1 GND))
    (pad 1 thru_hole circle (at -1.697056 -1.697056) (size 0.8 0.8) (drill 0.5) (layers *.Cu *.Mask)
      (net 1 GND))
    (pad 1 thru_hole circle (at 0 -2.4) (size 0.8 0.8) (drill 0.5) (layers *.Cu *.Mask)
      (net 1 GND))
    (pad 1 thru_hole circle (at 1.697056 -1.697056) (size 0.8 0.8) (drill 0.5) (layers *.Cu *.Mask)
      (net 1 GND))
  )

  (module MountingHole:MountingHole_3.2mm_M3_Pad_Via (layer F.Cu) (tedit 56DDBCCA) (tstamp 601A409E)
    (at 167 84.5)
    (descr "Mounting Hole 3.2mm, M3")
    (tags "mounting hole 3.2mm m3")
    (path /60462E8A)
    (attr virtual)
    (fp_text reference H1 (at 0 -4.2) (layer F.SilkS)
      (effects (font (size 1 1) (thickness 0.15)))
    )
    (fp_text value MountingHole_Pad (at 0 4.2) (layer F.Fab)
      (effects (font (size 1 1) (thickness 0.15)))
    )
    (fp_circle (center 0 0) (end 3.2 0) (layer Cmts.User) (width 0.15))
    (fp_circle (center 0 0) (end 3.45 0) (layer F.CrtYd) (width 0.05))
    (fp_text user %R (at 0.3 0) (layer F.Fab)
      (effects (font (size 1 1) (thickness 0.15)))
    )
    (pad 1 thru_hole circle (at 1.697056 -1.697056) (size 0.8 0.8) (drill 0.5) (layers *.Cu *.Mask)
      (net 1 GND))
    (pad 1 thru_hole circle (at 0 -2.4) (size 0.8 0.8) (drill 0.5) (layers *.Cu *.Mask)
      (net 1 GND))
    (pad 1 thru_hole circle (at -1.697056 -1.697056) (size 0.8 0.8) (drill 0.5) (layers *.Cu *.Mask)
      (net 1 GND))
    (pad 1 thru_hole circle (at -2.4 0) (size 0.8 0.8) (drill 0.5) (layers *.Cu *.Mask)
      (net 1 GND))
    (pad 1 thru_hole circle (at -1.697056 1.697056) (size 0.8 0.8) (drill 0.5) (layers *.Cu *.Mask)
      (net 1 GND))
    (pad 1 thru_hole circle (at 0 2.4) (size 0.8 0.8) (drill 0.5) (layers *.Cu *.Mask)
      (net 1 GND))
    (pad 1 thru_hole circle (at 1.697056 1.697056) (size 0.8 0.8) (drill 0.5) (layers *.Cu *.Mask)
      (net 1 GND))
    (pad 1 thru_hole circle (at 2.4 0) (size 0.8 0.8) (drill 0.5) (layers *.Cu *.Mask)
      (net 1 GND))
    (pad 1 thru_hole circle (at 0 0) (size 6.4 6.4) (drill 3.2) (layers *.Cu *.Mask)
      (net 1 GND))
  )

  (module "ethernet_motor_driver:CODE Logo" (layer F.Cu) (tedit 0) (tstamp 5E3BACD8)
    (at 146.05 64.77)
    (attr smd)
    (fp_text reference G*** (at 0 0) (layer F.SilkS) hide
      (effects (font (size 1.524 1.524) (thickness 0.3)))
    )
    (fp_text value LOGO (at 0.75 0) (layer F.SilkS) hide
      (effects (font (size 1.524 1.524) (thickness 0.3)))
    )
  )

  (module Capacitor_SMD:C_0805_2012Metric (layer F.Cu) (tedit 5F68FEEE) (tstamp 601A254E)
    (at 174.25 93)
    (descr "Capacitor SMD 0805 (2012 Metric), square (rectangular) end terminal, IPC_7351 nominal, (Body size source: IPC-SM-782 page 76, https://www.pcb-3d.com/wordpress/wp-content/uploads/ipc-sm-782a_amendment_1_and_2.pdf, https://docs.google.com/spreadsheets/d/1BsfQQcO9C6DZCsRaXUlFlo91Tg2WpOkGARC1WS5S8t0/edit?usp=sharing), generated with kicad-footprint-generator")
    (tags capacitor)
    (path /608B9E68)
    (attr smd)
    (fp_text reference C1 (at -2.45 0) (layer F.SilkS)
      (effects (font (size 1 1) (thickness 0.15)))
    )
    (fp_text value C100nF (at 0 1.68) (layer F.Fab)
      (effects (font (size 1 1) (thickness 0.15)))
    )
    (fp_line (start -1 0.625) (end -1 -0.625) (layer F.Fab) (width 0.1))
    (fp_line (start -1 -0.625) (end 1 -0.625) (layer F.Fab) (width 0.1))
    (fp_line (start 1 -0.625) (end 1 0.625) (layer F.Fab) (width 0.1))
    (fp_line (start 1 0.625) (end -1 0.625) (layer F.Fab) (width 0.1))
    (fp_line (start -0.261252 -0.735) (end 0.261252 -0.735) (layer F.SilkS) (width 0.12))
    (fp_line (start -0.261252 0.735) (end 0.261252 0.735) (layer F.SilkS) (width 0.12))
    (fp_line (start -1.7 0.98) (end -1.7 -0.98) (layer F.CrtYd) (width 0.05))
    (fp_line (start -1.7 -0.98) (end 1.7 -0.98) (layer F.CrtYd) (width 0.05))
    (fp_line (start 1.7 -0.98) (end 1.7 0.98) (layer F.CrtYd) (width 0.05))
    (fp_line (start 1.7 0.98) (end -1.7 0.98) (layer F.CrtYd) (width 0.05))
    (fp_text user %R (at 0 0) (layer F.Fab)
      (effects (font (size 0.5 0.5) (thickness 0.08)))
    )
    (pad 2 smd roundrect (at 0.95 0) (size 1 1.45) (layers F.Cu F.Paste F.Mask) (roundrect_rratio 0.25)
      (net 1 GND))
    (pad 1 smd roundrect (at -0.95 0) (size 1 1.45) (layers F.Cu F.Paste F.Mask) (roundrect_rratio 0.25)
      (net 14 +3V3))
    (model ${KISYS3DMOD}/Capacitor_SMD.3dshapes/C_0805_2012Metric.wrl
      (at (xyz 0 0 0))
      (scale (xyz 1 1 1))
      (rotate (xyz 0 0 0))
    )
  )

  (module Capacitor_SMD:C_0805_2012Metric (layer F.Cu) (tedit 5F68FEEE) (tstamp 601D5D2C)
    (at 127.5 93.5 180)
    (descr "Capacitor SMD 0805 (2012 Metric), square (rectangular) end terminal, IPC_7351 nominal, (Body size source: IPC-SM-782 page 76, https://www.pcb-3d.com/wordpress/wp-content/uploads/ipc-sm-782a_amendment_1_and_2.pdf, https://docs.google.com/spreadsheets/d/1BsfQQcO9C6DZCsRaXUlFlo91Tg2WpOkGARC1WS5S8t0/edit?usp=sharing), generated with kicad-footprint-generator")
    (tags capacitor)
    (path /60D35C38)
    (attr smd)
    (fp_text reference C3 (at 0 2) (layer F.SilkS)
      (effects (font (size 1 1) (thickness 0.15)))
    )
    (fp_text value C1uF (at 0 1.68) (layer F.Fab)
      (effects (font (size 1 1) (thickness 0.15)))
    )
    (fp_line (start 1.7 0.98) (end -1.7 0.98) (layer F.CrtYd) (width 0.05))
    (fp_line (start 1.7 -0.98) (end 1.7 0.98) (layer F.CrtYd) (width 0.05))
    (fp_line (start -1.7 -0.98) (end 1.7 -0.98) (layer F.CrtYd) (width 0.05))
    (fp_line (start -1.7 0.98) (end -1.7 -0.98) (layer F.CrtYd) (width 0.05))
    (fp_line (start -0.261252 0.735) (end 0.261252 0.735) (layer F.SilkS) (width 0.12))
    (fp_line (start -0.261252 -0.735) (end 0.261252 -0.735) (layer F.SilkS) (width 0.12))
    (fp_line (start 1 0.625) (end -1 0.625) (layer F.Fab) (width 0.1))
    (fp_line (start 1 -0.625) (end 1 0.625) (layer F.Fab) (width 0.1))
    (fp_line (start -1 -0.625) (end 1 -0.625) (layer F.Fab) (width 0.1))
    (fp_line (start -1 0.625) (end -1 -0.625) (layer F.Fab) (width 0.1))
    (fp_text user %R (at 0 0) (layer F.Fab)
      (effects (font (size 0.5 0.5) (thickness 0.08)))
    )
    (pad 1 smd roundrect (at -0.95 0 180) (size 1 1.45) (layers F.Cu F.Paste F.Mask) (roundrect_rratio 0.25)
      (net 14 +3V3))
    (pad 2 smd roundrect (at 0.95 0 180) (size 1 1.45) (layers F.Cu F.Paste F.Mask) (roundrect_rratio 0.25)
      (net 1 GND))
    (model ${KISYS3DMOD}/Capacitor_SMD.3dshapes/C_0805_2012Metric.wrl
      (at (xyz 0 0 0))
      (scale (xyz 1 1 1))
      (rotate (xyz 0 0 0))
    )
  )

  (module Capacitor_SMD:C_0402_1005Metric (layer F.Cu) (tedit 5F68FEEE) (tstamp 601D5D5C)
    (at 136 94 90)
    (descr "Capacitor SMD 0402 (1005 Metric), square (rectangular) end terminal, IPC_7351 nominal, (Body size source: IPC-SM-782 page 76, https://www.pcb-3d.com/wordpress/wp-content/uploads/ipc-sm-782a_amendment_1_and_2.pdf), generated with kicad-footprint-generator")
    (tags capacitor)
    (path /60B029A6)
    (attr smd)
    (fp_text reference C4 (at 2 0 90) (layer F.SilkS)
      (effects (font (size 1 1) (thickness 0.15)))
    )
    (fp_text value C18pF (at 0 1.16 90) (layer F.Fab)
      (effects (font (size 1 1) (thickness 0.15)))
    )
    (fp_line (start 0.91 0.46) (end -0.91 0.46) (layer F.CrtYd) (width 0.05))
    (fp_line (start 0.91 -0.46) (end 0.91 0.46) (layer F.CrtYd) (width 0.05))
    (fp_line (start -0.91 -0.46) (end 0.91 -0.46) (layer F.CrtYd) (width 0.05))
    (fp_line (start -0.91 0.46) (end -0.91 -0.46) (layer F.CrtYd) (width 0.05))
    (fp_line (start -0.107836 0.36) (end 0.107836 0.36) (layer F.SilkS) (width 0.12))
    (fp_line (start -0.107836 -0.36) (end 0.107836 -0.36) (layer F.SilkS) (width 0.12))
    (fp_line (start 0.5 0.25) (end -0.5 0.25) (layer F.Fab) (width 0.1))
    (fp_line (start 0.5 -0.25) (end 0.5 0.25) (layer F.Fab) (width 0.1))
    (fp_line (start -0.5 -0.25) (end 0.5 -0.25) (layer F.Fab) (width 0.1))
    (fp_line (start -0.5 0.25) (end -0.5 -0.25) (layer F.Fab) (width 0.1))
    (fp_text user %R (at 0 0 90) (layer F.Fab)
      (effects (font (size 0.25 0.25) (thickness 0.04)))
    )
    (pad 1 smd roundrect (at -0.48 0 90) (size 0.56 0.62) (layers F.Cu F.Paste F.Mask) (roundrect_rratio 0.25)
      (net 1 GND))
    (pad 2 smd roundrect (at 0.48 0 90) (size 0.56 0.62) (layers F.Cu F.Paste F.Mask) (roundrect_rratio 0.25)
      (net 13 "Net-(C4-Pad2)"))
    (model ${KISYS3DMOD}/Capacitor_SMD.3dshapes/C_0402_1005Metric.wrl
      (at (xyz 0 0 0))
      (scale (xyz 1 1 1))
      (rotate (xyz 0 0 0))
    )
  )

  (module Capacitor_SMD:C_0402_1005Metric (layer F.Cu) (tedit 5F68FEEE) (tstamp 601D5D8C)
    (at 130 94 90)
    (descr "Capacitor SMD 0402 (1005 Metric), square (rectangular) end terminal, IPC_7351 nominal, (Body size source: IPC-SM-782 page 76, https://www.pcb-3d.com/wordpress/wp-content/uploads/ipc-sm-782a_amendment_1_and_2.pdf), generated with kicad-footprint-generator")
    (tags capacitor)
    (path /60B03A28)
    (attr smd)
    (fp_text reference C5 (at 2 0 90) (layer F.SilkS)
      (effects (font (size 1 1) (thickness 0.15)))
    )
    (fp_text value C18pF (at 0 1.16 90) (layer F.Fab)
      (effects (font (size 1 1) (thickness 0.15)))
    )
    (fp_line (start -0.5 0.25) (end -0.5 -0.25) (layer F.Fab) (width 0.1))
    (fp_line (start -0.5 -0.25) (end 0.5 -0.25) (layer F.Fab) (width 0.1))
    (fp_line (start 0.5 -0.25) (end 0.5 0.25) (layer F.Fab) (width 0.1))
    (fp_line (start 0.5 0.25) (end -0.5 0.25) (layer F.Fab) (width 0.1))
    (fp_line (start -0.107836 -0.36) (end 0.107836 -0.36) (layer F.SilkS) (width 0.12))
    (fp_line (start -0.107836 0.36) (end 0.107836 0.36) (layer F.SilkS) (width 0.12))
    (fp_line (start -0.91 0.46) (end -0.91 -0.46) (layer F.CrtYd) (width 0.05))
    (fp_line (start -0.91 -0.46) (end 0.91 -0.46) (layer F.CrtYd) (width 0.05))
    (fp_line (start 0.91 -0.46) (end 0.91 0.46) (layer F.CrtYd) (width 0.05))
    (fp_line (start 0.91 0.46) (end -0.91 0.46) (layer F.CrtYd) (width 0.05))
    (fp_text user %R (at 0 0 90) (layer F.Fab)
      (effects (font (size 0.25 0.25) (thickness 0.04)))
    )
    (pad 2 smd roundrect (at 0.48 0 90) (size 0.56 0.62) (layers F.Cu F.Paste F.Mask) (roundrect_rratio 0.25)
      (net 1 GND))
    (pad 1 smd roundrect (at -0.48 0 90) (size 0.56 0.62) (layers F.Cu F.Paste F.Mask) (roundrect_rratio 0.25)
      (net 32 "Net-(C5-Pad1)"))
    (model ${KISYS3DMOD}/Capacitor_SMD.3dshapes/C_0402_1005Metric.wrl
      (at (xyz 0 0 0))
      (scale (xyz 1 1 1))
      (rotate (xyz 0 0 0))
    )
  )

  (module Capacitor_SMD:C_0805_2012Metric (layer F.Cu) (tedit 5F68FEEE) (tstamp 601A25A5)
    (at 188.5 100.5 180)
    (descr "Capacitor SMD 0805 (2012 Metric), square (rectangular) end terminal, IPC_7351 nominal, (Body size source: IPC-SM-782 page 76, https://www.pcb-3d.com/wordpress/wp-content/uploads/ipc-sm-782a_amendment_1_and_2.pdf, https://docs.google.com/spreadsheets/d/1BsfQQcO9C6DZCsRaXUlFlo91Tg2WpOkGARC1WS5S8t0/edit?usp=sharing), generated with kicad-footprint-generator")
    (tags capacitor)
    (path /6083E077)
    (attr smd)
    (fp_text reference C6 (at 3 0) (layer F.SilkS)
      (effects (font (size 1 1) (thickness 0.15)))
    )
    (fp_text value C100nF (at 0 1.68) (layer F.Fab)
      (effects (font (size 1 1) (thickness 0.15)))
    )
    (fp_line (start 1.7 0.98) (end -1.7 0.98) (layer F.CrtYd) (width 0.05))
    (fp_line (start 1.7 -0.98) (end 1.7 0.98) (layer F.CrtYd) (width 0.05))
    (fp_line (start -1.7 -0.98) (end 1.7 -0.98) (layer F.CrtYd) (width 0.05))
    (fp_line (start -1.7 0.98) (end -1.7 -0.98) (layer F.CrtYd) (width 0.05))
    (fp_line (start -0.261252 0.735) (end 0.261252 0.735) (layer F.SilkS) (width 0.12))
    (fp_line (start -0.261252 -0.735) (end 0.261252 -0.735) (layer F.SilkS) (width 0.12))
    (fp_line (start 1 0.625) (end -1 0.625) (layer F.Fab) (width 0.1))
    (fp_line (start 1 -0.625) (end 1 0.625) (layer F.Fab) (width 0.1))
    (fp_line (start -1 -0.625) (end 1 -0.625) (layer F.Fab) (width 0.1))
    (fp_line (start -1 0.625) (end -1 -0.625) (layer F.Fab) (width 0.1))
    (fp_text user %R (at 0 0) (layer F.Fab)
      (effects (font (size 0.5 0.5) (thickness 0.08)))
    )
    (pad 1 smd roundrect (at -0.95 0 180) (size 1 1.45) (layers F.Cu F.Paste F.Mask) (roundrect_rratio 0.25)
      (net 11 +12V))
    (pad 2 smd roundrect (at 0.95 0 180) (size 1 1.45) (layers F.Cu F.Paste F.Mask) (roundrect_rratio 0.25)
      (net 1 GND))
    (model ${KISYS3DMOD}/Capacitor_SMD.3dshapes/C_0805_2012Metric.wrl
      (at (xyz 0 0 0))
      (scale (xyz 1 1 1))
      (rotate (xyz 0 0 0))
    )
  )

  (module Capacitor_SMD:C_0805_2012Metric (layer F.Cu) (tedit 5F68FEEE) (tstamp 601D5E07)
    (at 127.5 96 180)
    (descr "Capacitor SMD 0805 (2012 Metric), square (rectangular) end terminal, IPC_7351 nominal, (Body size source: IPC-SM-782 page 76, https://www.pcb-3d.com/wordpress/wp-content/uploads/ipc-sm-782a_amendment_1_and_2.pdf, https://docs.google.com/spreadsheets/d/1BsfQQcO9C6DZCsRaXUlFlo91Tg2WpOkGARC1WS5S8t0/edit?usp=sharing), generated with kicad-footprint-generator")
    (tags capacitor)
    (path /60D43715)
    (attr smd)
    (fp_text reference C7 (at 0 -1.68) (layer F.SilkS)
      (effects (font (size 1 1) (thickness 0.15)))
    )
    (fp_text value C1uF (at 0 1.68) (layer F.Fab)
      (effects (font (size 1 1) (thickness 0.15)))
    )
    (fp_line (start -1 0.625) (end -1 -0.625) (layer F.Fab) (width 0.1))
    (fp_line (start -1 -0.625) (end 1 -0.625) (layer F.Fab) (width 0.1))
    (fp_line (start 1 -0.625) (end 1 0.625) (layer F.Fab) (width 0.1))
    (fp_line (start 1 0.625) (end -1 0.625) (layer F.Fab) (width 0.1))
    (fp_line (start -0.261252 -0.735) (end 0.261252 -0.735) (layer F.SilkS) (width 0.12))
    (fp_line (start -0.261252 0.735) (end 0.261252 0.735) (layer F.SilkS) (width 0.12))
    (fp_line (start -1.7 0.98) (end -1.7 -0.98) (layer F.CrtYd) (width 0.05))
    (fp_line (start -1.7 -0.98) (end 1.7 -0.98) (layer F.CrtYd) (width 0.05))
    (fp_line (start 1.7 -0.98) (end 1.7 0.98) (layer F.CrtYd) (width 0.05))
    (fp_line (start 1.7 0.98) (end -1.7 0.98) (layer F.CrtYd) (width 0.05))
    (fp_text user %R (at 0 0) (layer F.Fab)
      (effects (font (size 0.5 0.5) (thickness 0.08)))
    )
    (pad 2 smd roundrect (at 0.95 0 180) (size 1 1.45) (layers F.Cu F.Paste F.Mask) (roundrect_rratio 0.25)
      (net 1 GND))
    (pad 1 smd roundrect (at -0.95 0 180) (size 1 1.45) (layers F.Cu F.Paste F.Mask) (roundrect_rratio 0.25)
      (net 14 +3V3))
    (model ${KISYS3DMOD}/Capacitor_SMD.3dshapes/C_0805_2012Metric.wrl
      (at (xyz 0 0 0))
      (scale (xyz 1 1 1))
      (rotate (xyz 0 0 0))
    )
  )

  (module Capacitor_SMD:C_0402_1005Metric (layer F.Cu) (tedit 5F68FEEE) (tstamp 601A25C7)
    (at 167.8 107.5 90)
    (descr "Capacitor SMD 0402 (1005 Metric), square (rectangular) end terminal, IPC_7351 nominal, (Body size source: IPC-SM-782 page 76, https://www.pcb-3d.com/wordpress/wp-content/uploads/ipc-sm-782a_amendment_1_and_2.pdf), generated with kicad-footprint-generator")
    (tags capacitor)
    (path /60BA3B1D)
    (attr smd)
    (fp_text reference C8 (at 0 -1.5) (layer F.SilkS)
      (effects (font (size 1 1) (thickness 0.15)))
    )
    (fp_text value C22pF (at 0 1.16 90) (layer F.Fab)
      (effects (font (size 1 1) (thickness 0.15)))
    )
    (fp_line (start -0.5 0.25) (end -0.5 -0.25) (layer F.Fab) (width 0.1))
    (fp_line (start -0.5 -0.25) (end 0.5 -0.25) (layer F.Fab) (width 0.1))
    (fp_line (start 0.5 -0.25) (end 0.5 0.25) (layer F.Fab) (width 0.1))
    (fp_line (start 0.5 0.25) (end -0.5 0.25) (layer F.Fab) (width 0.1))
    (fp_line (start -0.107836 -0.36) (end 0.107836 -0.36) (layer F.SilkS) (width 0.12))
    (fp_line (start -0.107836 0.36) (end 0.107836 0.36) (layer F.SilkS) (width 0.12))
    (fp_line (start -0.91 0.46) (end -0.91 -0.46) (layer F.CrtYd) (width 0.05))
    (fp_line (start -0.91 -0.46) (end 0.91 -0.46) (layer F.CrtYd) (width 0.05))
    (fp_line (start 0.91 -0.46) (end 0.91 0.46) (layer F.CrtYd) (width 0.05))
    (fp_line (start 0.91 0.46) (end -0.91 0.46) (layer F.CrtYd) (width 0.05))
    (fp_text user %R (at 0 0 90) (layer F.Fab)
      (effects (font (size 0.25 0.25) (thickness 0.04)))
    )
    (pad 2 smd roundrect (at 0.48 0 90) (size 0.56 0.62) (layers F.Cu F.Paste F.Mask) (roundrect_rratio 0.25)
      (net 1 GND))
    (pad 1 smd roundrect (at -0.48 0 90) (size 0.56 0.62) (layers F.Cu F.Paste F.Mask) (roundrect_rratio 0.25)
      (net 33 "Net-(C8-Pad1)"))
    (model ${KISYS3DMOD}/Capacitor_SMD.3dshapes/C_0402_1005Metric.wrl
      (at (xyz 0 0 0))
      (scale (xyz 1 1 1))
      (rotate (xyz 0 0 0))
    )
  )

  (module Capacitor_SMD:C_0805_2012Metric (layer F.Cu) (tedit 5F68FEEE) (tstamp 6024B3C3)
    (at 188.95 108.5 180)
    (descr "Capacitor SMD 0805 (2012 Metric), square (rectangular) end terminal, IPC_7351 nominal, (Body size source: IPC-SM-782 page 76, https://www.pcb-3d.com/wordpress/wp-content/uploads/ipc-sm-782a_amendment_1_and_2.pdf, https://docs.google.com/spreadsheets/d/1BsfQQcO9C6DZCsRaXUlFlo91Tg2WpOkGARC1WS5S8t0/edit?usp=sharing), generated with kicad-footprint-generator")
    (tags capacitor)
    (path /608443F6)
    (attr smd)
    (fp_text reference C9 (at 2.95 0) (layer F.SilkS)
      (effects (font (size 1 1) (thickness 0.15)))
    )
    (fp_text value C100nF (at 0 1.68) (layer F.Fab)
      (effects (font (size 1 1) (thickness 0.15)))
    )
    (fp_line (start -1 0.625) (end -1 -0.625) (layer F.Fab) (width 0.1))
    (fp_line (start -1 -0.625) (end 1 -0.625) (layer F.Fab) (width 0.1))
    (fp_line (start 1 -0.625) (end 1 0.625) (layer F.Fab) (width 0.1))
    (fp_line (start 1 0.625) (end -1 0.625) (layer F.Fab) (width 0.1))
    (fp_line (start -0.261252 -0.735) (end 0.261252 -0.735) (layer F.SilkS) (width 0.12))
    (fp_line (start -0.261252 0.735) (end 0.261252 0.735) (layer F.SilkS) (width 0.12))
    (fp_line (start -1.7 0.98) (end -1.7 -0.98) (layer F.CrtYd) (width 0.05))
    (fp_line (start -1.7 -0.98) (end 1.7 -0.98) (layer F.CrtYd) (width 0.05))
    (fp_line (start 1.7 -0.98) (end 1.7 0.98) (layer F.CrtYd) (width 0.05))
    (fp_line (start 1.7 0.98) (end -1.7 0.98) (layer F.CrtYd) (width 0.05))
    (fp_text user %R (at 0 0) (layer F.Fab)
      (effects (font (size 0.5 0.5) (thickness 0.08)))
    )
    (pad 2 smd roundrect (at 0.95 0 180) (size 1 1.45) (layers F.Cu F.Paste F.Mask) (roundrect_rratio 0.25)
      (net 1 GND))
    (pad 1 smd roundrect (at -0.95 0 180) (size 1 1.45) (layers F.Cu F.Paste F.Mask) (roundrect_rratio 0.25)
      (net 14 +3V3))
    (model ${KISYS3DMOD}/Capacitor_SMD.3dshapes/C_0805_2012Metric.wrl
      (at (xyz 0 0 0))
      (scale (xyz 1 1 1))
      (rotate (xyz 0 0 0))
    )
  )

  (module Capacitor_SMD:C_0402_1005Metric (layer F.Cu) (tedit 5F68FEEE) (tstamp 601A25E9)
    (at 175.4 107.5 270)
    (descr "Capacitor SMD 0402 (1005 Metric), square (rectangular) end terminal, IPC_7351 nominal, (Body size source: IPC-SM-782 page 76, https://www.pcb-3d.com/wordpress/wp-content/uploads/ipc-sm-782a_amendment_1_and_2.pdf), generated with kicad-footprint-generator")
    (tags capacitor)
    (path /60BA3B15)
    (attr smd)
    (fp_text reference C10 (at 0 -1.9) (layer F.SilkS)
      (effects (font (size 1 1) (thickness 0.15)))
    )
    (fp_text value C22pF (at 0 1.16 90) (layer F.Fab)
      (effects (font (size 1 1) (thickness 0.15)))
    )
